10		4		7			0.000005 seconds
100		25		97			0.000019 seconds
1000		168		997			0.000921 seconds
10000		1229		9973			0.061112 seconds
100000		9592		99991			4.165061 seconds
1000000		78498		999983			509.046126 seconds
100		25		97			0.000020 seconds
2000000		148933		1999993			2025.055507 seconds
1500000		114155		1499977			1150.602476 seconds
1200000		92938		1199999			733.306629 seconds
500000		41538		499979			123.580966 seconds
500000		41538		499979			128.708628 seconds
250000		22044		249989			26.005478 seconds
750000		60238		749993			285.430196 seconds
800000		63951		799999			332.103989 seconds
100		25		97			0.000061 seconds
150		35		149			0.000125 seconds
23		8		19			0.000024 seconds
148		34		139			0.000133 seconds
100		25		97			0.000072 seconds
100		25		97			0.000064 seconds
150		0		0			0.000123 seconds
150		35		149			0.000124 seconds
200		46		199			0.000218 seconds
350		70		349			0.000473 seconds
2700		393		2699			0.010022 seconds
4000		550		3989			0.017492 seconds
10000		1229		9973			0.077516 seconds
2000		303		1999			0.007163 seconds
3000		430		2999			0.006927 seconds
2000		303		1999			0.007060 seconds
2000		303		1999			0.007183 seconds
2000		303		1999			0.006626 seconds
2000		303		1999			0.011219 seconds
2000		303		1999			0.007396 seconds
2000		303		1999			0.006772 seconds
50		15		47			0.000026 seconds
200		46		199			0.000238 seconds
100		25		97			0.000091 seconds
